63,3
0,349
0,373
0,420
0,350
2,4
0,304
0,303
51,1
51,3
0,12
0,11
0,439
0,10
51,0
0,1
0,8
11,1
11,3
5,1
5,3
6,1
6,4
12,1
12,3
0,444
0,403
0,390
0,319
2,1
2,6
2,3
0,401
1,1
1,3
24,2
0,344
15,1
15,3
24,6
24,5
0,445
19,1
19,3
16,1
16,3
9,1
9,3
10,1
10,3
35,7
0,300
0,299
0,298
0,297
0,296
0,295
0,294
0,293
0,292
0,291
0,290
0,289
0,288
0,287
0,286
0,285
0,284
0,283
0,282
0,281
0,280
0,279
0,278
0,277
0,276
0,275
0,274
0,273
0,272
0,271
0,270
0,269
0,268
0,267
0,266
0,265
0,264
0,263
0,262
0,261
0,260
0,259
0,258
0,255
0,254
0,253
0,252
0,251
0,250
0,249
0,248
0,247
0,246
0,245
0,244
0,242
0,241
0,240
0,239
0,238
0,237
0,236
0,235
0,234
0,233
0,232
0,231
0,230
34,179
31,5
33,348
35,22
35,18
34,46
34,42
34,39
34,20
34,51
0,257
0,367
0,256
33,172
33,2
33,0
0,329
33,104
33,3
33,175
33,174
34,184
29,3
35,35
35,15
35,3
33,4
0,369
0,229
0,228
0,227
0,226
0,225
0,224
0,223
0,222
0,221
0,220
0,219
0,218
0,217
0,216
0,215
0,214
0,213
0,212
0,211
0,210
0,209
0,208
0,207
0,206
0,205
0,204
0,203
0,202
0,201
0,200
0,199
0,198
0,197
0,196
0,195
0,194
0,193
0,192
0,63
0,62
0,61
0,60
0,59
0,58
0,394
0,57
0,56
0,55
0,54
0,53
0,52
0,51
0,50
0,49
0,48
0,47
0,46
0,45
0,6
0,316
0,428
34,181
34,165
34,139
34,87
34,71
34,29
34,43
34,205
29,1
29,4
28,3
28,4
27,3
28,1
28,5
27,1
27,5
25,6
25,3
25,1
25,4
24,3
24,1
24,4
0,413
33,335
33,332
33,103
33,102
33,101
33,105
33,171
33,64
33,75
33,74
33,8
33,5
34,5
35,6
35,5
35,4
63,1
